[-0.049049049049, -0.00949786482109, -0.00150489089541]
[0.0178947368421, 0.0313684679997, 0.000502386335092]
[0.0179248534988, 0.0165405405405, 0.0166959578207]
[-0.0353877412801, -0.0392605196923, -0.0265464872206]
[-0.0166754432157, -0.0207737579101, -0.00558092338914]
[-0.017850767583, 0.00256231512708, -0.000510204081633]
[-0.00490730643402, 0.00785522334768, 0.014293006636]
[0.0257534246575, 0.0381495776696, 0.0163563160544]
[0.0669515669516, -0.0358675934407, -0.00916068333746]
[-0.0196929238985, -0.0157973174367, -0.00249875062469]
[-0.0105549880831, 0.0119245911569, 0.00150300601202]
[-0.0292498279422, -0.0142531143616, -0.00750375187594]
[-0.0535271180432, -0.00430740037951, 0.00403225806452]
[-0.101123595506, -0.0167705296057, 0.00150602409639]
[0.000416666666667, 0.0026166340395, 0.0240601503759]
[0.0658059142024, 0.018925920198, -0.00881057268722]
[0.0355607659242, -0.000208700931565, -0.00246913580247]
[0.0011320754717, 0.0081410353727, -0.0101485148515]
[0.0, -0.00611764705882, -0.0077519379845]
[0.0116848850358, -0.000473484848485, -0.00630040322581]
[0.00633383010432, -0.0239128375178, -0.00938371798123]
[0.00925583117364, -0.009531574554, 0.0089605734767]
[0.0201760821717, 0.000960370036455, 0.00558233950774]
[0.0179791441927, 0.0169176244836, -0.00227100681302]
[0.0346167432003, 0.0206989506113, 0.01062215478]
[0.00887674974394, 0.00490473495567, 0.011011011011]
[0.0138747884941, -0.0110944246292, -0.00420792079208]
[-0.00400534045394, -0.0126046432165, -0.0154113845389]
[0.00569705093834, 0.00124963952706, 0.00504922999243]
[0.0193268910363, 0.0165706605223, -0.000627982918865]
[0.00882641386074, 0.000925523676407, -0.00238783461103]
[0.0217109526896, 0.0144550120773, 0.0149911816578]
[0.0183951791944, 0.0153465530712, -0.00434404865334]
[0.00311429461227, 0.0128611472436, 0.00024931438544]
[0.0167649798199, 0.0223387899068, -0.00024925224327]
[-0.0247328244275, -0.0059271054494, -0.0018698578908]
[-0.00093926111459, -0.00336388715849, 0.00736855251655]
[-0.0244437480414, 0.00173226659047, 0.0151252169601]
[0.0170253774494, -0.0123366551976, -0.00390815828041]
[0.0233733417562, -0.0165700980127, -0.0121383030897]
[0.0182098765432, 3.6708698126e-05, 0.00111704108229]
[0.00454683237345, 0.0156923924016, 0.0213240763699]
[0.0173506336753, 0.00457173834478, 0.00655498907502]
[0.00845321073706, 0.0115482165021, -0.00494452484322]
[-0.00176470588235, -0.0032542011203, -0.00375712034905]
[0.00633470830878, -0.00372868051095, -0.00608272506083]
[-0.00161030595813, -0.0123560696954, -0.00685434516524]
[-0.0109970674487, -0.000108788279876, 0.016268178457]
[0.00667160859896, -0.0127296135783, 0.00630608780015]
[0.00427098674521, -0.00275507392782, 0.00445890576042]
[-0.000439947206335, 0.0192098719956, -0.000599880023995]
[-0.00865610328639, 0.00148180273953, -0.00480192076831]
[0.0515021459227, 0.00443883074702, 0.00554885404101]
[0.00211118930331, 0.0149462867819, 0.00719769673704]
[-0.0275280898876, -0.000159297674254, -0.0055979037637]
[0.00866551126516, 0.024659668254, 0.00718648939993]
[0.0028636884307, -0.00566670121972, -0.00772981329528]
[0.00371216447744, 0.00265837300622, 0.0111457334612]
[0.0139402560455, -0.00272064047689, -0.0112599265142]
[-0.0178170594837, 0.0133796698523, 0.00359625988971]
[-0.0101414083702, -0.00190329218107, 0.000836120401338]
[-0.0025974025974, 0.00401999690769, -0.00250626566416]
[-0.0341435185185, -0.00379857296853, 0.00502512562814]
[-0.0632115038945, -0.0191511653871, -0.005]
[0.027822193796, 0.0081252407803, -0.00263220866236]
[-0.014156813939, -0.00766023970818, 0.0]
[0.0130976802904, 0.0128831241576, 0.00887715930902]
[0.01246105919, 0.00922837639333, 0.00166468489893]
[-0.0110769230769, 0.00179797599274, 0.00688509021842]
[-0.0096453018046, -0.00369205524409, 0.0381985380806]
[-0.0565504241282, -0.0156807576173, 0.0113558937088]
[0.02331002331, 0.0367413811134, 0.00258252863238]
[-0.0361210543443, -0.00850677515887, 0.00425579572181]
[0.0194125590817, 0.00835933260988, -0.000111520017843]
[0.0185461169068, 0.00294270964704, 0.000446129823779]
[0.0138188912372, -0.00536516665549, -0.0104793756968]
[-0.0205259781911, -0.00787202481289, 0.00247859396124]
[-0.00949574328749, 0.00238714171636, -0.0120251741964]
[0.00661157024793, -0.00678842323827, -0.00147878512115]
[0.0262725779967, 0.00211614929092, -0.00706311232627]
[-0.0288, -0.0254253163264, -0.00711335474989]
[-0.00230642504119, -0.0112008107919, -0.00924428010169]
[0.0084214002642, 0.0146676798558, 0.0122463261022]
[-0.0302931062715, -0.0150478081404, -0.00714368014748]
[-0.0239783856805, 0.00265237918413, -0.0075432285018]
[-0.0159169550173, -0.00675449270762, 0.0109915809167]
[0.0193389592124, 0.0102805397727, -0.00173490631506]
[-0.000517419799931, -0.00181022513577, 0.0011586142973]
[-0.004659188956, -0.00890907810409, 0.00752227751418]
[0.00728155339806, 0.0210516965713, 0.0126349643924]
[-0.00103270223752, -0.00029578077425, 0.00431034482759]
[-0.0208476912474, -0.00290647081346, 0.0125367065733]
[0.0214675347528, 0.0162329161648, 0.00580033463469]
[0.0580534022394, 0.007866577351810001, 0.00499057336143]
[-0.0179094757408, -0.00391963053222, -0.00816596777753]
[-0.0124336870027, -0.00256633988605, 0.00611927013796]
[-0.0240053718315, -0.00102917717285, -0.00132699325445]
[0.0130718954248, -0.00413812050344, 0.000885837670247]
[-0.00560271646859, -0.00368978240629, -0.0042040048678]
[-0.00973194468158, -0.0119410217361, -0.00322186423731]
[-0.0224137931034, -0.00280239604862, 0.000780205082479]
[0.0026455026455, 0.00300347771103, 0.0119166945094]
[0.0223394898857, 0.0102968216443, -0.00770416024653]
[0.054714384033, 0.000519993760075, -0.00255102040816]
[-0.0241435562806, 0.00746669438525, 0.00600467029912]
[0.0563356736877, 0.00751453038484, 0.0147010058583]
[-0.00348156353853, 0.00667337987063, 0.0122004357298]
[-0.0150865491504, -0.0147163541419, 0.00624192854068]
[-0.00677200902935, 0.00320060570603, 0.00171122994652]
[-0.012012987013, -0.00324185248714, 0.00363015161221]
[0.037791652974, -0.0091721016675, -0.0063829787234]
[-0.0538315389487, -0.0042898329223, -0.0100642398287]
[0.0394912985274, 0.0118609478293, 0.0112481072896]
[-0.0331616226658, 0.00799848304632, -0.00491978609626]
[-0.00982350982351, 0.00776400171013, 0.00322441960447]
[-0.0102572725744, 0.0122011233858, 0.0184272551961]
[-0.0241250424737, -0.0152896995708, -0.00967809804334]
[0.00766016713092, -0.0106238082266, -0.0108349267049]
[0.035590877678, 0.0113917951542, 0.0111683848797]
[-0.0188521855189, -0.0217102800558, -0.0218776550552]
[0.00969222921272, 0.00433058541167, 0.00738327904452]
[-0.0495116200741, -0.00185291010788, 0.00129338219444]
[-0.0148830616584, 0.00237682165163, -0.00172228202368]
[-0.0487410071942, -0.01678868754, -0.00970455035583]
[0.0207978823974, 0.00392557255268, -0.00391986062718]
[0.00277829227635, 0.00906540417324, 0.0069960647136]
[-0.00184706316956, 0.00326689488592, 0.000868432479375]
[-0.0314581791266, -0.0235039404174, -0.0125813449024]
[0.00076423385556, 0.0146865798716, 0.0268014059754]
[-0.0236731576938, -0.0189490612873, -0.0188275566966]
[-0.044192412984, -0.0289369587684, -0.0396860008722]
[0.0270049099836, -0.0213035340746, -0.00840145322434]
[0.00876494023904, 0.00734949472224, 0.00160293107396]
[0.00473933649289, -0.0137169871019, -0.0118884316415]
[0.0141509433962, -0.0104732789855, -0.0120314669135]
[0.0197674418605, -0.0249060777695, 0.0217798594848]
[0.00380083618396, 0.0180907864114, 0.0104286041714]
[0.0386217341916, 0.0119678807438, 0.0180333446751]
[-0.0470288005833, 0.0108392338503, -0.0109180035651]
[0.0554705432288, 0.0209953051643, 0.0135165577833]
[0.00724900326205, -0.00741244849912, 0.0251166925984]
[-0.0133141417776, 0.00177893078847, -0.00455333911535]
[0.041757840992, 0.015020069921, 0.0126334131997]
[-0.00752669350604, 0.00120277732218, 0.00301140030114]
[-0.0123456790123, 0.00194761462713, -0.0124383444135]
[0.0221428571429, 0.0153144642662, 0.0188925081433]
[-0.0283018867925, -0.00658447995133, 0.0110826939471]
[-0.00143833153542, -0.00163901947011, 0.00252951096121]
[-0.0205257472092, -0.0149738408804, 0.00630782169891]
[-0.0268382352941, -0.00771062271062, 0.0175511909737]
[0.00321118247072, -0.00143967219771, -0.000616016427105]
[0.00847298060629, 0.011533982736, 0.00452023833984]
[-0.0145631067961, 0.0055002284148, -0.000613622417672]
[0.00871542250853, -0.00548831461491, -0.001841997544]
[-0.0244177310293, -0.00367297712156, 0.0171211810539]
[0.0180978051598, -0.00179740659905, -0.000503981453482]
[-0.0124810892587, -0.0139641708774, -0.00242033077854]
[-0.00995787054768, -0.00303736140874, -0.0143550343712]
[-0.00464216634429, 0.00345781466113, -0.0110769230769]
[0.0159347065682, -0.00534580065938, 0.0101638664178]
[0.0198928844682, 0.00516853932584, -0.0151950718686]
[-0.00787696924231, 0.00435949027498, -0.00750625521268]
[-0.0153119092628, 0.00393248005936, -0.00252100840336]
[0.00268765598003, -0.00142271165145, 0.00568660488627]
[-0.0453762205629, 0.00286798038671, 0.00167539267016]
[-0.0381066987565, -0.0151291512915, 0.0167259042442]
[-0.00979983319433, -9.36680404645e-05, -0.0032901501131]
[-0.00736997262582, -0.00459016393443, -0.00804621415308]
[-0.0551548578702, 0.0112742330134, 0.0160149750416]
[-0.0152671755725, -0.0225390385081, -0.00900716479017]
[-0.114683082535, 0.00365588940935, -0.0146663912415]
[0.0360545969611, 0.0128628343768, -0.00188679245283]
[-0.0487198608004, -0.0144227167154, -0.0142827137156]
[-0.00940684609355, 0.00414306891178, 0.00511399957383]
[0.0187285676602, -0.0172988114165, -0.00466398134407]
[-0.0844122216468, -0.0104387350256, -0.00638977635783]
[-0.0480769230769, -0.0375243285325, -0.0312968917471]
[0.0276292335116, 0.0195340936666, 0.0119495463598]
[0.0465452442903, 0.01326907057, 0.0389241198338]
[-0.00552486187845, 0.0106289271243, 0.00315723005683]
[-0.000277777777778, 0.016463296533, 0.00692404532102]
[-0.000833564879133, 0.0110327743902, 0.00937695353199]
[-0.0177975528365, -0.00350553157805, -0.0059867877787]
[0.0277463193658, 0.0100240198211, -0.00581516095535]
[-0.00495867768595, -0.0071157051102, -0.00898266137456]
[0.0179955703212, 0.000452633762707, -0.00864249578415]
[-0.023388632037, -0.00755933417535, -0.0119072932171]
[0.0236702868282, -0.00311514644987, 0.00581020012912]
[-0.0538628944505, -0.0213025418239, -0.00855798031665]
[0.00805060379528, -0.0231874464606, -0.0159689253345]
[-0.0108385624643, -0.00141510374106, 0.0135964912281]
[0.0619953863899, 0.00433116442457, 0.0296408481177]
[-0.00896008688569, -0.01389137304, -0.00819499894936]
[-0.0328767123288, -0.00705360741636, -0.0125]
[0.00226628895184, 0.00698193626954, -0.00536365586784]
[0.0407009609949, 0.00834441891402, -0.00862812769629]
[-0.0369364475828, 0.00335811945311, -0.0104438642298]
[0.0141003948111, 0.0120328313013, 0.0160510114336]
[-0.087319243604, -0.00234251968504, 0.00367885739018]
[0.00670322973796, 0.0220595489434, -0.0101336783096]
[0.0575060532688, 0.0310237649375, 0.0261380962753]
[-0.0171722953635, 0.0108414784856, 0.00169815325833]
[-0.0529994175888, -0.00863202741502, -0.00381436745073]
[-0.00338253382534, -0.0303443636839, -0.092427143161]
[-0.0496760259179, -0.0169187783023, -0.0343372788]
[0.00194805194805, -0.000137209165572, 0.0199029126214]
[-0.0337005832793, 0.0487551460498, -0.0380771061399]
[-0.000670690811536, -0.0126549152289, 0.0212765957447]
[0.048322147651, 0.00176069670579, 0.00654069767442]
[-0.0121638924456, -0.011963033659, 0.00673886883273]
[0.052495139339, 0.00851185921959, 0.0145828352857]
[-0.00738916256158, 0.0073399715505, -0.000706880301602]
[-0.0155086848635, -0.00651453532158, -0.00141476066965]
[-0.00945179584121, 0.0172459538339, 0.00566706021251]
[0.0165394402036, -0.00176987853044, -0.00504813336464]
[0.0272215269086, 0.0132136391631, 0.0166371681416]
[0.0350289369479, 0.0111809022086, 0.0181058495822]
[-0.0200117716304, -0.0116219761003, -0.00661194710442]
[0.0114114114114, -0.00558442994581, -0.000688547165481]
[0.00237529691211, 0.00607914002409, -0.000689021589343]
[0.00710900473934, -0.00775565094044, 0.00792921167548]
[-0.0435294117647, -0.0129590434815, 0.00649868886102]
[0.00553505535055, 0.00846437438868, -0.0011327594019]
[0.000611620795107, 0.0146416980639, -0.002494896802]
[0.0110024449878, 0.0210297983419, 0.00159163256025]
[-0.00544135429262, 0.00577930612318, -0.00454029511918]
[-0.0273556231003, 0.0220714592582, 0.000456100342075]
[-0.003125, 0.00457116836261, -0.013448826077]
[-0.0119122257053, -0.000645071306531, -0.0050831792976]
[-0.0174492385787, 0.00345423143351, 0.000696702275894]
[-0.0235711979335, -0.0137345920478, -0.0168252494778]
[-0.0291005291005, 0.00239736290081, 0.0109760415437]
[-0.0378065395095, -0.0244790292799, -0.0184450151763]
[0.0265486725664, -0.00618318821769, -0.0011893434824]
[0.00206896551724, 0.00816252494105, -0.0235770421529]
[0.0106675843083, -0.0152752788773, 0.0090243902439]
[-0.0323459312223, 0.0128080977874, 0.00386753686246]
[0.0190007037298, -0.00580891903594, 0.00409342643872]
[0.0, 0.0151333696244, 0.0189448441247]
[-0.00207182320442, -0.00101887601888, -0.00353024240998]
[0.0131487889273, 0.00196825737649, 0.0099196976854]
[0.00648907103825, -0.00085718877797, 0.00257249766137]
[0.0373260943332, 0.0198037498436, 0.000933053417308]
[-0.00032711808963, -0.0196645459803, -0.0327429503612]
[-0.00523560209424, -0.00745508179137, -0.00758944705457]
[0.0164473684211, -0.0118880363125, -0.00558387958242]
[-0.00906148867314, 0.00583324218892, -0.00048828125]
[-0.00849118223383, -0.00583565913951, -0.0052515876893]
[0.0375494071146, -0.011575761995, -0.0012277470841]
[0.0311111111111, -0.0121355194482, -0.00946527350953]
[0.0572660098522, 0.00220301327409, 0.0315214693472]
[-0.00844496214327, 0.000894171121999, -0.000721847930703]
[0.0261380323054, 0.00668168028439, -0.00252829280039]
[0.0300515168861, -0.000647093625203, 0.0014484007242]
[-0.00777993887191, -0.000888017316338, 0.0055441725925]
[-0.00112013441613, -0.000722155355986, 0.0015581924967]
[0.00392486683488, -0.0179742801023, -0.00311153662039]
[0.139905054454, 0.00488716129519, 0.0146458583433]
[0.0240078392945, 0.00195286827528, -0.00248461902508]
[-0.0148325358852, -0.017766449896, -0.012691258451]
[-0.00121418164157, 0.0215031195741, 0.0307544449784]
[-0.00559202528568, -0.00257760842766, -0.00652680652681]
[0.0119804400978, 0.0107116104869, 0.00938526513374]
[0.00217443827011, 0.0140999036537, 0.00801952580195]
[-0.00337512054002, 0.0320464801856, 0.103655021331]
[-0.0198355104015, -0.018977817905, 0.00292519849561]
[-0.0523198420533, -0.00151583506271, 0.0241666666667]
[0.0247395833333, -0.00760875458604, -0.00223759153784]
[-0.0218551461245, -0.0215807685303, -0.00672782874618]
[0.0166276955053, 0.00111679851094, -0.0014367816092]
[-0.0186557628418, 0.00581946639398, -0.00842754367934]
[0.0109375, -0.019076490813, -0.0123341625207]
[0.00978876867594, -0.0129838314552, -0.0284395004722]
[-0.0229591836735, 0.0135364759341, 0.00842514581983]
[0.0255874673629, 0.0142598801944, 0.0222793487575]
[-0.0162932790224, -0.00499600690898, -0.00733445096396]
[-0.00672877846791, -0.0118154328592, 0.0]
[0.0130276185513, 0.000528890651858, 0.00548870593202]
[0.00231481481481, 0.0171798599181, 0.0234096157884]
[-0.0254041570439, -0.00911301249095, -0.00943686531952]
[0.0194839389152, -0.00314677455608, -0.00590245417832]
[-0.03125, 0.00962044344231, -0.00895833333333]
[-0.00826446280992, 0.00364773319437, 0.000420433046037]
[0.000268817204301, 0.0062676160807, -0.00336205085102]
[-0.00510615425961, -0.00460693620315, -0.011174362218]
[-0.0186385737439, -0.0148474526066, -0.00639658848614]
[-0.0129369666942, 0.0143759161123, 0.0218884120172]
[0.0223089793642, -0.00035198873636, -0.00335993280134]
[-0.0158210583742, -0.0135100074129, -0.0105351875263]
[0.00166297117517, 0.00238582780711, 0.00638841567291]
[0.0475926950747, 0.0107013006484, -0.00719424460432]
[-0.0390913893291, 0.00209534758664, -0.00106564364876]
[-0.0340846619021, -0.00612486584508, -0.0102410923832]
[-0.000569151963574, -0.00656290145408, -0.00517352877775]
[-0.0182232346241, -0.0121536400011, -0.00888407367281]
[0.00696055684455, -0.000531208499336, -0.002186270223]
[0.00201612903226, 0.0193234880984, 0.0216914986854]
[0.0028743891923, -0.00441340782123, -0.00386017585246]
[0.0103181427343, -0.0038157230234, -0.0103336921421]
[-0.0218439716312, -0.00989504121369, -0.0106591255166]
[-0.00290023201856, 0.00174467116741, 0.00769569041337]
[-0.00349040139616, 0.00282068756626, 0.00283656993236]
[-0.0119673088149, 0.0127045853548, 0.0161009573542]
[-0.00915805022157, 0.00160310181561, -0.0134903640257]
[-0.0301132975552, 0.000669991811211, 0.00227914043846]
[-0.0212111896711, 0.005467936319, -0.00595560368165]
[0.00219849246231, -0.00475380119122, -0.00588235294118]
[-0.00282043246631, -0.00488802155933, 0.00054788516327]
[-0.00628535512256, -0.00666766276941, -0.00821377724236]
[-0.0600885515497, -0.0196860016922, -0.0195450530035]
[0.0245625841184, 0.000326057769765, -0.00247775650411]
[-0.0121510673235, 0.000210909788132, 0.00350005645252]
[0.0226063829787, 0.00356554077368, -0.00123762376238]
[-0.0318595578674, -0.00192924816626, -0.000450602681086]
[0.00335795836132, 0.00407647700522, -0.00214132762313]
[-0.0314591700134, -0.0136283928027, -0.000225886604924]
[0.0234968901175, 0.00713057257145, 0.00576140985088]
[0.0016880486158, 0.0192831651253, 0.00168482533977]
[0.0333670374115, 0.0288387327523, 0.0210809598565]
[0.00782778864971, 0.0263379379746, 0.00263562486273]
[-0.0171521035599, -0.00169357067092, 0.0026286966046]
[0.0161343431017, 0.0364021107331, 0.0192265676207]
[0.0226830848995, 0.157982700989, -0.0010718113612]
[-0.0193282636248, -0.0143586233577, 0.00708154506438]
[0.000969305331179, -0.000105673137888, 0.00745791604517]
[-0.020658489348, -0.000135879821847, -0.037013536379]
[0.00461437046803, -0.0275269531604, 0.0127388535032]
[-0.0236220472441, -0.031209726255, -0.0027109086966]
[-0.023185483871, 0.00594617985992, -0.0132651951723]
[0.0247678018576, 0.00109935631891, -0.000110192837466]
[0.0339039946291, 0.006031862238, 0.0202777165528]
[-0.0646103896104, 0.00156615832437, 0.0149060272197]
[-0.0329746615758, -0.0113250462005, -0.00574712643678]
[-0.0193826274228, 0.00672588427006, 0.00181973881396]
[0.00658857979502, -0.000547488693168, 0.0172026925954]
[-0.000363636363636, 0.0229674264256, -0.000210084033613]
[-0.0323754092397, -0.00114858677263, -0.0201723051061]
[0.00300751879699, -0.0127888365733, 0.00278790478233]
[0.0228635682159, -0.00387218636864, 0.0119760479042]
[-0.031879809454, 0.0456750521459, -0.0185967878276]
[-0.0105980317941, -0.00327165297811, 0.00753660637382]
[-0.0237184391737, -0.00433609266503, -0.00085488352212]
[0.00391849529781, 0.00120294798392, 0.0055614973262]
[-0.0261514441842, 0.00567291752217, 0.00680706232716]
[-0.00160320641283, -0.00800012098482, -0.000845129938728]
[-0.044560417503, 0.00809512920192, -0.0139564389934]
[-0.036974789916, -0.0214892780449, -0.0193008792623]
[-0.020942408377, -0.0290394869021, -0.0387054450033]
[-0.0819964349376, -0.0460796485531, -0.0368516833485]
[0.0514563106796, 0.0497905925147, 0.00873878129428]
[0.113573407202, 0.0123817849479, 0.0276281901194]
[0.0232172470978, -0.0109743460923, 0.00113921166553]
[-0.0113452188006, -0.0189459480911, -0.00955848884843]
[-0.0418032786885, -0.0349263367394, -0.0388327205882]
[0.000855431993157, 0.0292909478061, 0.0346641166627]
[0.0025641025641, -0.0122332627464, 0.0050831792976]
[-0.0187553282182, -0.00958129256749, -0.0202298850575]
[0.000868809730669, 0.024409737254, 0.0297982167996]
[-0.0169270833333, -0.00396593199402, -0.0189109136478]
[0.0105960264901, 0.0144255874674, 0.00557361820715]
[-0.0148536478812, 0.0056302683225, 0.00323325635104]
[0.0713968957871, -0.0036151901974, -0.00943830570902]
[0.012417218543, 0.0198593629592, 0.0223100162677]
[0.090760425184, 0.00118063754427, 0.00727438054103]
[-0.0164917541229, 0.0101886792453, 0.00101557210562]
[-0.0487804878049, -0.0195492466692, -0.0201781084432]
[-0.0224358974359, 0.00856457962916, 0.0163368614818]
[-0.0512295081967, -0.0201710962279, -0.00611274620783]
[-0.0358531317495, -0.000192771084337, -0.000455580865604]
[-0.0282258064516, 0.00771233008773, 0.0038742023701]
[-0.0142923005994, -0.024394910552, -0.00227014755959]
[-0.0360149672591, -0.0267209256717, -0.0145620022753]
[0.0451237263464, 0.00010075059191, 0.00427153082429]
[-0.00324976787372, 0.0197787068285, 0.0152891136912]
[-0.00093153237075, 0.00553204801027, 0.0104166666667]
[0.0573426573427, 0.0260999132186, 0.0208426714478]
[0.0749559082892, 0.0320742974771, 0.0313940724479]
[0.0467596390484, 0.00813272106004, -0.00191570881226]
[0.044670846395, -0.00203978344555, -0.00469183194711]
[0.0202550637659, 0.0167204548947, 0.00707092350546]
[0.0, 0.00096738111793, 0.0101063829787]
[-0.00441176470588, 0.00596478511673, 0.00326487625066]
[-0.0140324963072, -0.0237176696639, 0.00272937224438]
[-0.025468164794, -0.0127927179913, -0.0124581239531]
[-0.0119139123751, 0.0155283856397, 0.0175977949751]
[0.0283936211591, 0.0782951443207, 0.109282216898]
[0.0642965204236, 0.0135263913977, 0.0193463561232]
[0.0653873489694, -0.00580285722305, -0.0105030403538]
[0.0493662441628, 0.00542032197277, 0.00409683426443]
[-0.00826446280992, 0.0060860470177, -0.0103857566766]
[0.0326923076923, -0.00752141999944, -0.0134932533733]
[0.0173805090006, 0.013849247079, 0.0115881458967]
[-0.00244051250763, 0.00033283408221, 0.0169014084507]
[-0.0214067278287, 0.00914989186491, 0.00480147737765]
[-0.0159375, 0.00501428728432, -0.000551369233597]
[0.00444585582725, 0.00174966168651, 0.00790731886723]
[0.0164400885236, -0.0103022446613, -0.0113118044153]
[-0.0102643856921, 0.00412932579622, -0.0141169957557]
[0.0021998742929, 0.0103460822881, 0.00496022461394]
[-0.0451552210724, -0.00702607939334, -0.00698454088285]
[-0.00295566502463, -0.0185038184655, -0.00853418362562]
[0.00955204216074, 0.0161405025518, 0.0172152856602]
[0.0616639477977, -0.004219756695, -0.015250139483]
[0.0553165334972, 0.0193484372416, 0.0169971671388]
[-0.00698893418754, -0.00205494267791, 0.00269266480966]
[0.0255131964809, 0.0247100899534, 0.00212982683582]
[-0.0243065484701, -0.00132205182443, 0.00184808722972]
[0.00175849941383, -0.0094122319301, 0.0011068068622]
[-0.00468110005851, 0.000561279717757, -0.0106873042196]
[-0.0258671369782, 0.00216372160115, 0.00484261501211]
[0.004828002414, -0.00967574267322, 0.00834105653383]
[-0.045045045045, 0.0327088968738, 0.0137867647059]
[0.0298742138365, -0.0065873920834, 0.00163191296464]
[-0.0195419847328, -0.0123963689789, -0.0190079652426]
[-0.016505761445, 0.0178384050367, 0.0307252260565]
[-0.0319822672578, -0.00382356779329, -0.0006266225047]
[-0.0147203140334, -0.00110038382436, -0.000358294518094]
[-0.0102921646746, -0.019317272763, -0.0163082437276]
[0.0261657162026, 0.00201925648569, 0.00838039715795]
[-0.061131088591, -0.0143198409203, -0.0235772357724]
[0.00591922005571, 0.0122397032143, 0.0210010176705]
[0.0467289719626, -0.00528343275996, 0.000996737948532]
[0.00429894179894, 0.019497895572, 0.0165655834163]
[0.0121830754034, -0.0113694817785, -0.0080142475512]
[-0.00325309043591, -0.0131945834167, -0.0271095152603]
[0.0215404699739, 0.0109239380256, 0.0114412253183]
[0.0102236421725, 0.00300906732287, 0.0100346652071]
[0.0120177103099, 0.00030667075561, 0.00803829479769]
[0.00625, -0.00265255525046, -0.00188155183227]
[-0.0288819875776, 0.019205324566, 0.00430879712747]
[0.0118324272466, 0.0180828743771, 0.0109045405792]
[-0.0252844500632, -0.00698102757635, -0.00424403183024]
[0.019130998703, -0.0144947274213, -0.0141182738412]
[-0.0311804008909, -0.0236971814766, -0.0132396649554]
[0.0114942528736, 0.000930182396635, 0.00492880613363]
[-0.0266233766234, 0.00165661027906, -0.0178019981835]
[-0.0693795863909, -0.0251038711326, -0.0343998520436]
[-0.0390681003584, -0.0146888447534, 0.00134073932197]
[-0.0406564714659, 0.00293957082266, 0.000382555470543]
[0.0171073094868, 0.0142779382825, 0.00879541108987]
[-0.0072629969419, -0.0367679436372, -0.0210386656558]
[0.0157874470543, 0.0190714285714, 0.027105517909]
[-0.0739196360879, -0.0254152940352, -0.0392082940622]
[-0.0241506344658, 0.00973792468571, -0.00824014125956]
[-0.00880872483221, -0.00460120514537, 0.00474777448071]
[0.0308929327127, 0.0122788940409, -0.00649734199646]
[0.0775862068966, 0.0248536771567, 0.0358699960365]
[-0.0430476190476, -0.0182227004359, -0.00937440214272]
[0.0565286624204, 0.00220595467255, 0.00772499034376]
[-0.00452147701583, -0.0180434051144, -0.0183978535837]
[-0.00643451930356, 0.0435887551577, 0.0162046075752]
[0.0232380952381, 0.0164308972009, 0.0574447646494]
[0.0126582278481, 0.0109967023353, -0.00654069767442]
[-0.0599264705882, 0.0186920864842, -0.0307242136064]
[0.0344153304654, -0.0507867635527, -0.0177358490566]
[-0.0291115311909, -0.0595897012254, -0.0391855551287]
[-0.00506230529595, 0.000951655881233, -0.0113954418233]
[-0.0191780821918, -0.0103412465078, -0.00343781597573]
[0.0191540303272, 0.0111291752882, 0.00811688311688]
[-0.0117462803446, -0.00343501966001, -0.00140901771337]
[0.0237717908082, 0.000425357153334, 0.0175367869381]
[0.0503095975232, 0.0121541777237, 0.0112916006339]
[0.00442151805453, 0.0255663711687, 0.0268364348678]
[-0.0414526779164, -0.01507040861, -0.00438763830599]
[-0.0309988518944, 0.0044454641925, -0.0072810883311]
[0.0529225908373, 0.00853749072012, 0.0160200733449]
[-0.033008252063, -0.0152600436001, -0.0281155015198]
[0.0228859581071, 0.00530446782819, 0.00449569976544]
[-0.0238907849829, 0.00885132912931, 0.0138159174937]
[0.00854700854701, -0.000652001360699, -0.0160268714012]
[-0.00462249614792, -0.00999914900859, -0.00985077538281]
[0.0510835913313, 0.0294694918411, 0.0358550039401]
[0.0438144329897, -0.000375741044839, 0.00684670977558]
[-0.0310405643739, -0.00831117484095, -0.0113335851908]
[0.0542409901711, -0.00230227138726, -0.00630492930837]
[0.00276243093923, -0.0227522161249, -0.0198038838685]
[-0.0547520661157, -0.000503937914849, 0.0135347194978]
[0.0105646630237, 0.0158172231986, 0.0226437004064]
[-0.0169430425379, 0.0104657099098, -0.0149507948524]
[0.046204620462, 0.0199567743565, 0.0194044188281]
[0.0347003154574, 0.00584787275029, 0.00207312476442]
[-0.0477642276423, -0.00414495013748, 0.00752303930788]
[0.0722162931341, 0.0108794197643, 0.014560388277]
[0.0225613802256, 0.00247316211442, 0.00588776448942]
[-0.0139519792343, -0.000406658352763, -0.0212182184013]
[0.00625205659756, 0.00494968945784, 0.0106522145393]
[-0.0199476782211, -0.00365687451928, -0.00184911242604]
[0.00600600600601, -0.00423912454629, 0.00426083734717]
[-0.0116086235489, -0.00201297553147, -0.0123593432946]
[0.0265100671141, 0.0168313458262, 0.0220395965633]
[0.00751879699248, 0.00656748425144, 0.0062134502924]
[-0.00616482803374, -0.00830226364847, 0.00290592081366]
[0.00457068233758, 0.00680080293784, 0.00597609561753]
[-0.0204744881378, -0.00712161423256, -0.0023402340234]
[0.00165892501659, -0.00898601727357, -0.0155178635872]